คำ,POS,ความหมาย
ยก 0,ก.,ยก เคลื่อนไป พากันไป เดินทาง มอบให้
ยกขันครู 0,ก.,ไหว้ครู
ยกครู 0,ก.,ไหว้ครู
ยกย่าง 0,ก.,ย่าง ย่างเท้า เดิน
ยกย่างย้าย 0,ก.,ย่าง ย่างเท้า เดิน
ยง 0,ก.,ทำให้สูงขึ้น ยกขึ้นอย่างยกของขึ้นจบก่อนทำบุญ
ยง 1,ก.,จบ ยก มักใช้กับการยกพานหรือเครื่องบูชาเพื่อเป็นการถวาย
ยง 2,ก.,ยกขึ้น อย่างการยกของขึ้นจบก่อนทำบุญ ทำให้สูงขึ้น ทำให้โปร่งอย่างใช้ไม้เขี่ยฟางให้เมล็ดข้าวร่วงลง ตัวอย่าง ลงฟาง
ย่ง 0,ก.,ยก ยกขึ้น เช่น ย่งขันโตกเข้ามา - ยกตะลุ่มอาหารมา
ย่ง 1,ว.,คำประกอบท้ายเพื่อแสดงว่าเบา โล่ง เช่น ใจดีย่ง - เบาใจ
ย้ง 0,น.,เรียกชื่อกางเกงเป้ายานแบบจีน เตี่ยวย้ง เตี่ยวสะดอ
ยงขัน 0,ก.,ไหว้ครู
ย่งชัด 0,ก.,ยกขึ้นแล้วทิ้งไป
ย่งชัด 1,ว.,คำขยายท้ายคำ หายใจ เช่น หายใจย่งชัด - หอบ หายใจถี่ด้วยความเหนื่อยหรืออ่อนเพลีย
ยงๆ 0,ว.,เห็นได้ชัดเจน เช่น หัวล้านใสยงๆ
ย่งๆ 0,ว.,อาการสั่นเทิ้ม สั่นระรัว วูบวาบ เช่น โคมลอยขึ้นย่งๆ - บอลลูนกระดาษลอยวูบวาบขึ้นสู่ฟ้า
ยด 0,น.,ยศ ดู - ยส
ยน 0,ก.,กระโดดโลดเต้น คึกคะนอง
ย้น 0,ก.,ดันเข้า อัดเข้า ยัดเข้า ยัดเยียด
ยนต์ 0,น.,ฟันเฟืองเกลียวขนาดใหญ่ เครื่องเจาะสว่านชนิดที่มีแกนทำด้วยไม้เป็นเกลียวให้รูดไปมา เพื่อให้แกนนั้นหมุนเจาะไม้ได้ มีที่สำหรับใช้บ่าดันตรงโคนสว่านด้วย (ถ้าสว่านมือเรียก เหล็กชี)
ยนต์ 1,น.,หุ่น หรืออาวุธที่ทำขึ้นแล้วกำกับให้เคลื่อนไหวได้ด้วยอาคม มักใช้รักษาสมบัติที่ฝังไว้
ยนต์ 2,น.,เครื่องกลไก เครื่องจักรที่ทำให้เกิดพลังงาน
ยนต์ผัด 0,น.,กงจักร
ยนต์ฟัน 0,น.,กงจักร
ยนต์อีดอ้อย 0,น.,เครื่องหีบอ้อยอันประกอบด้วยเฟืองขนาดใหญ่ประมาณ ๓๐ เซนติเมตร สูงประมาณ ๑ เมตร สองอันมีแกนอยู่กลาง มีคานไม้ต่อเข้ากับแกนแล้วใช้ควายคู่เทียมหมุนแกนนั้น
ยม 0,น.,ต้นมะยม บ่ายม (บ่า-ญม) ก็ว่า.
ยม 1,ก.,อ่อนน้อม ไม่กรอบ นุ่มลง ลดความแข็งกระด้างลง ชื้น อ่อนเพลีย ล้า หมดแรง
ยมภิบาล 0,น.,ยมบาล - เจ้าพนักงานในเมืองนรก มีหน้าที่ลงโทษทรมานคนที่ตกนรกตามคำสั่งของพระยายม
ยมหิน 0,น.,ต้นมะยมหิน เรียก บ่ายมหิน
ยมหิน 1,น.,ต้นสะเดาช้าง คางขี้มอด ขางแดง แดงน้ำ พระเจ้าห้าพระองค์
ยล 0,ก.,มอง มองเห็น (โคลงนิราศหริภุญชัย)
ยวง 0,น.,ยวง สิ่งที่มีลักษณะนุ่มย้อยยืดลงมาเป็นแนวยาวอย่างเนื้อในของขนุน ปุยฝ้าย ปุยนุ่น ขี้มูก ฝี
ยวน 0,น.,ขื่อเผ่าของคนไทในล้านนาเรียก ไทยวน ซึ่งอาจแผลงเป็น โยน และ โยนก
ยวน 1,ก.,อิจฉา ขอย ก็ว่า. และมักใช้คู่กันว่า ขอยยวน
ยวน 2,น.,ชื่อของชาวไทล้านนา
ยวบ 0,ก.,อาการที่ไหวจะยุบลง
ยวบ 1,ว.,อาการที่ไหวขึ้นลงตามแนวนอน เช่น ขัวค้อมยวบๆ - สะพานไหวขึ้นลงยวบยาบ ยวบๆ ดู ยวบ
ย้วย 0,ก.,ย้วย เบี่ยงหรือเลี่ยงจากแนวปกติ
ยวะ 0,ว.,เป็นประกาย พร่างพราย เช่น บอกไฟดอกแตกยวะ
ยวะยว่าง 0,ว.,พะรุงพะรัง มากมายแต่มักไม่เป็นระเบียบ
ยวะๆ 0,ว.,พราวสะพรั่ง เช่น ใส่เพชรยวะๆ
ยวา 0,ก.,เอ่อคลอ มักใช้กับน้ำตา
ยว่า 0,ว.,วุ่นวาย สับสน
ยว่าง 0,ก.,เอ่อ เยิ้ม ฉ่ำ
ยว่าง 1,ว.,หลวม ไม่แน่น
ยว่างเยว่ง 0,ว.,หลวม ไม่แน่น โยกคลอนได้อย่างเสาที่ฝั่งไว้ไม่แน่น
ยว่าม 0,ก.,ขยุ้ม เกร็งนิ้วทั้งห้าจับหรือหยิบสิ่งของให้มากที่สุด
ยว้าย 0,ก.,ยิ้ม ยิ้มแย้ม
ยว้ายแย้ม 0,ก.,ยิ้มแย้ม เบิกบาน
ยวายว่างเบ้า 0,ก.,น้ำตาเอ่อปริ่มขอบตา
ยว้ายสี่แจ่ง 0,ก.,ยิ้มสี่มุม คือยิ้มจนหน้าบาน
ยว่าๆ 0,ว.,สับสน วุ่นวาย ขวักไขว่ ใช้กับสัตว์จำนวนมากที่ไต่ไปมา เช่น มดจำนวนมาก
ยว่าๆ 1,ว.,กระจัดกระจาย แตกออกจากกัน อาการอย่างมดหรือปลวกแตกรัง
ยส 0,น.,ยศ - ความยกย่องนับถือเกียรติของคน เกียรติคุณ เครื่องหมายกำหนดฐานะหรือความสำคัญของบุคคล
ยสปริวาร 0,น.,บริวารประดับยศ
ยอ 0,ก.,ยกขึ้ึ้น ทำให้สูงขึ้นจากเดิมเล็กน้อย หยุดรอ เตรียม กล่าวคำเชิดชูเพื่อให้ชอบใจ
ย่อ 0,น.,ผ้าขี้ริ้ว - ชื่อเครื่องในสัตว์เคี้ยวเอื้องอย่างวัวควาย ใช้ย่อยอาหาร
ยอก 0,ก.,ยอก - ทิ่ม ตำ กระแทก กระทุ้ง กินหรือดื่ม (ไม่สุภาพ)
ยอกพอด 0,ก.,หกล้มก้นกระแทก ก้นกระแทก
ยอกเย้อ 0,ก.,ฉุดรั้งกัน ชักเย่อ
ย็อกแย็ก 0,ก.,ขยับเขยื้อน กระดิก กระแซะ เบียด เขย่า
ย็อกๆ แย็กๆ 0,ก.,ขยับเขยื้อน กระดิก กระแซะ เบียด เขย่า
ยอขันครู 0,ก.,ไหว้ครู
ยอคำ 0,ก.,นำความขึ้นบอกกล่าว กล่าวโทษ ฟ้องร้อง
ยอคุณ 0,ก.,สรรเสริญ ยกย่อง
ยอง 0,น.,ชื่อเมืองหนึ่งของคนเผ่าไทอยู่ในรัฐฉานประเทศพม่า เรียกกลุ่มชนที่สืบเชื้อสายมาจากเมืองยอง
ยอง 1,น.,สายใย มักใช้ตามหลัง ใย เป็น ใยยอง
ย่องแย่ง 0,ก.,กระย่องกระแย่ง - ไม่มั่นคง
ยองๆ 0,ว.,เปล่งปลั่ง เป็นประกาย เช่น แก้มใสยองๆ ใช้กับสิ่งเล็กๆ
ยอซ้อง 0,ก.,ชูหรือยกให้เห็นอยู่สลอน
ยอด 0,น.,ยอด สิ่งที่ใช้ประดับอยู่บนยอดสูงสุดของเครื่องไทยทานซึ่งมักจะเป็นธนบัตรราคาสูงสุดที่เจ้าของจะสามารถอำนวยได้
ยอดทาน 0,น.,การทำบุญที่สูงที่สุดหรือจำเป็นที่สุดที่ผู้เกิดในแต่ละปีนักษัตรพึงกระทำหรือมีส่วนในการทำเพื่อถวายทานไว้ในพุทธศาสนา คือ ปีไจ้ (ชวด) - สร้างบ่อน้ำ ปีเป้า (ฉลู) - สร้างโรงไฟ ครัว ปียี (ขาล) สร้างศาลา ปีเหล้า (เถาะ) - สร้างปราสาท ปีสี (มะโรง) - สร้างตึก ปีไส้ (มะเส็ง) - สร้างดอกไม้ทอง ปีสะง้า (มะเมีย) - สร้างแท่งหรือเตียง ปีเม็ด (มะแม) สร้างปราสาท ปีสัน (วอก) - สร้างกำแพง ปีเล้า (ระกา) สร้างเว็จกุฎี ปีเส็ด (จอ) - สร้างธรรมมาสน์ ปีไค้ (กุน) - สร้างโรงอาบน้ำ (บุญคิด)
ยอดธาตุ 0,น.,ยอดทองพระเจดีย์ ยอดฉัตร
ยอดปลี 0,น.,ส่วนยอดของเจดีย์เหนือปล้องไฉน
ยอดส้อย 0,น.,บุคคลอันเป็นที่รักยิ่ง คนที่เด่นเป็นเลิศ มักหมายถึงพระพุทธเจ้า
ยอตัว 0,ก.,ขยับตัวให้สูงจากพื้น ยกตัว อวดอ้างตัวเอง
ยอน 0,น.,สายที่ต่อเนื่องกับสิ่งอื่นที่ใหญ่อย่างสายที่ล่ามกับจอมแห
ย้อน 0,*ว.,เท่าที่มีสุขเพราะบุญของพ่อแม่ผู้มีพระคุณ
ย่อนย้อย 0,ว.,ห้อยย้อย รุงรัง
ยอบ 0,ก.,ยอบ ลง พร่องลง ย่อลง ยุบลง
ยอบ่ำบวง 0,ก.,ยกมือขึ้นบวงสรวง คือ ไหว้
ยอม 0,ก.,ยอม - ยอมรับในสภาพที่เหนือกว่าของอีกฝ่ายหนึ่ง (ถ้ายอมรับในการตกลงที่มีศักดิ์เสมอกันใช้ ชู)
ย่อม 0,ว.,เตี้ยกว่าปรกติ
ย่อม 1,ก.,หย่อน ลด ไม่เต็ม เช่น เงินร้อยย่อมห้าบาท - คือเงินจำนวน ๙๕ บาท ลดราคาลง
ย่อม 2,ว.,มีขนาดย่อม คือค่อนข้างเล็กกว่าพวกคำช่วยกริยาว่าเป็นไปตามปกติตาม
ย้อม 0,ก.,ย้อม ชุบด้วยสี อาบด้วยสี ปลอมแปลง
ย้อม 1,ว.,ไม่จริง เช่น ย้อมคำ แต่งวาจาเพื่อหลอกลวง
ย่อมค่า 0,ก.,ลดราคา
ยอมค้าน 0,ก.,ยอมแพ้ ไม่สู้
ยอมค้าน 1,ว.,ท้อถอย
ย้อมแปลง 0,ว.,เคลือบแฝง เท็จ
ย่อมหื้อ 0,ก.,ลดราคาให้
ยอมือ 0,ก.,ยกมือขึ้น เช่น ยอมือขึ้นไหว้ ยกย่อง สรรเสริญ
ยอย 0,น.,ตราชู คันชั่ง
ยอย 1,น.,ตราชู คันชั่ง ปลาย ปลายกิ่งไม้
ยอย 2,ก.,ทยอย นำมาทีละเล็กทีละน้อย
ยอย 3,ว.,ปลาย ขอบ ด้านไกลสุด
ย่อย 0,ก.,ทำให้เป็นส่วนเล็กๆ พูดมาก จู้จี้
ย่อย 1,ว.,เล็กน้อย ปลีก เช่น เงินย่อย - เงินปลีก
ย้อย 0,ก.,ย้อย - ห้อยเป็นทางลงมา อย่างขี้มูกย้อย
ยอยดุลย์ 0,น.,ตราชู
ยอยโท่ง 0,น.,ชายทุ่งด้านไกลสุด มักหมายถึงชายทุ่งที่อยู่ติดกับป่า
ย่อยๆ แยมๆ 0,ว.,ไม่เป็นชิ้นเป็นอัน
ยอริยาตร 0,ก.,ยุรยาตร เดิน
ยอเสิก็ 0,ก.,ยกทัพไปยับยั้งการรุกรานของศัตรู
ยะ 0,ก.,แตก เปิดเป็นช่อง กระทำ
ยะได 0,ว.,อย่างไร
ยัก 0,น.,ยักษ์
ยัก 1,ก.,ยัก - ทิ่มแทงด้วยของแหลม เช่น ยักหน่อ - ใช้ของแหลมอย่างขนเม่นแทงหน่อไม้และกรีดให้เป็นริ้วเล็กๆ เพื่อปรุงอาหาร ใช้มีดยักริมปากกระบุงหรือเครื่องสานให้เป็นรอยสวยงาม เรียก ยักริม หรือ ยักปาก
ยักข์ 0,น.,ยักษ์
ยักข์ 1,ว.,มีีอาการอย่างยักษ์
ยักข์เยน 0,น.,ยักษ์และ / หรืออมนุษ์
ยักขินี 0,น.,นางยักษ์
ยักขีณี 0,น.,นางยักษ์
ยักบั้ง 0,น.,ต้นหูปลาช่องชนิดหนึ่งที่เป็นผักได้
ยักยั่น 0,ก.,เขย่า เขย่าให้แน่นเข้าที่
ยักและ 0,น.,กล การเล่นที่ลวงตา การเล่นกายกรรม ตุ๊กตาที่เคลื่อนไหวเองได้
ยัง 0,ก.,ยัง - มี คงอยู่ พักไว้
ยัง 1,บ.,สู่ ถึง จน เช่น เมือยังบ้าน - ไปบ้าน
ยัง 2,*ว.,คำประกอบกริยาแสดงว่ายังคงอยู่ ยังไม่เสร็จ เช่น แปลงชิ้นส้มยังบ่แล้วเทื่อ - ทำแหนมยังไม่เสร็จ
ยั้ง 0,ก.,ยั้ง - พัก หยุด เลิกเป็นการชั่วคราว
ยังแฅวน 0,ว.,อาการค่อยยังชั่ว ดีขึ้น สบายกว่าเดิม
ยังมี 0,ก.,ยังมีชีวิตอยู่ เช่น ซื้อบ้านเมื่อพ่อหนานแก้วยังมี - ซื้อบ้านตอนที่ทิดแก้วยังมีชีวิต
ยั้งเย้า 0,ก.,พัก หยุด เลิก
ยังรอด 0,ก.,มีอยู่เรื่อยมา มีอยู่ตลอด มีอยู่โดยรอบ
ยังอยู่ 0,ก.,ยังมีชีวิตอยู่ ยังเหลืออยู่ ยังคงอยู่
ยัด 0,ก.,ยัด - บรรจุหรือใส่โดยอัดดันเข้าไป
ยัดยู้ 0,ก.,ยัดเยียเ เบียดกันแน่น
ยัดยู้กัน 0,ว.,แออัด เบียดเสียด เยียดยัดกัน
ยัน 0,น.,ยันต์
ยัน 1,ก.,ยัน - เมา ใช้กับหมาก เช่น ยันหมาก - เมาเพราะเคี้ยวหมาก
ยั้น 0,ก.,ขบ กด ดันอย่างแรง
ยั้นเขี้ยวยั้นคาง 0,ก.,ขบเขี้ยวเคี้ยวฟันแสดงความโกรธ
ยันต์ 0,น.,รูปต่างๆ เขียนลงบนแผ่นผ้าหรือแผ่นทองเป็นต้น และลงเลขหรืออักขระใช้เป็นของขลัง แผ่นทองที่ลงยันต์ ม้วนเป็นแบบตะกรุดแล้วใช้เชือกร้อยก็เรียก ยันต์ เช่นกัน
ยันต์คีม 0,น.,ยันต์ที่สักตรงข้อเท้าคนเป็นรูปคีม เชื่อว่าป้องกันสัตว์เลื้อยคลานขบกัดได้
ยันต์เทียน 0,น.,ลายที่เขียนบนแผ่นกระดาษสาประกอบด้วยอักขระต่างๆ มักเขียนชื่อของผู้ประสงค์จะบูชาเทียนกำกับไว้ด้วย กล่าวกันว่าเทียนที่ผู้ทรงวิทยาคมทำให้นั้นจะช่วยให้ผู้บูชาเทียนได้รับผลดีตามประเภทของยันต์ที่ลงไว้ เช่น สืบชาตา ลดเคราะห์ รับโชค
ยับ 0,ก.,จับ กุม คว้า ฉวย จับกุม ตัดด้วย มีดยับ คือ ใช้กรรไกรตัดให้เป็นชิ้นๆ หรือเป็นลวดลายต่างๆ
ยับย่อย 0,ว.,มีรอยตัดเป็นลวดลายหรือตัดเป็นชิ้นๆ
ยัว 0,น.,วอ เสลี่ยง - ยานที่มีหลังคาเป็นรูปเรือน ใช้คนหาม
ยัวฅำ 0,น.,เสลี่ยงทองคำ
ยัวยานคานหาม 0,น.,เสลี่ยง คานหาม
ยัวริยาต 0,ก.,ยุรยาตร เดิน
ยัสสปริวาร 0,น.,บริวารประกอบยศ
ย่า 0,น.,แม่ของพ่อ ย่า แม่ยาย หรือแม่
ย่า 1,*น.,คำนำหน้าชื่อสตรีสูงอายุในเชิงไม่ให้เกียรติ
ย่า 2,น.,ต้นฉบับคัมภีร์ที่ใช้เป็นแบบในการคัดลอก
ยาก 0,น.,ความลำบาก ความเดือดร้อน
ยาก 1,ก.,ยาก - ลำบาก ไม่ะดวก ไม่ง่าย
ยาก 2,ว.,จน ไม่มีทรัพย์สิน ไม่มีจะกิน
ยากไร้ 0,ว.,ไร้ - ขัดสน ไม่มี ปราศจาก
ยากไร้ 1,ว.,ยากจน
ย่าเค้า 0,น.,ต้นฉบับ สิ่งดั้งเดิม คัมภีร์ที่ใช้เป็นหลักในการคัดลอก
ย่าเค้า 1,น.,แม่ของพ่อ ย่า แม่ยาย หรือแม่
ยาฅู 0,น.,ข้าวต้ม ขนมชนิดหนึ่งทำด้วยข้าวอ่อม
ยาง 0,น.,ชนชาติกะเหรี่ยง
ย่าง 0,น.,ระยะของการก้าว
ย่าง 1,ก.,ย่าง - ยกเท้าก้าวไป เดิน
ย้าง 0,ก.,หยุดชั่วคราว ดู ยั้ง
ยางกะเลอ 0,น.,ชนชาติกะเหรี่ยงพวกหนึ่งนิยมอาศัยอยู่ตามภูเขา สมัยก่อนถือว่าเป็นพวกไม่สะอาด
ยางขาว 0,น.,กะเหรี่ยงเผ่าหนึ่ง
ยางค้ำ 0,น.,เต้า - ชื่อไม้เครื่องเรือนที่ใช้เป็นเครื่องค้ำยันส่วนชายคาบ้าน
ยางค้ำ 1,น.,คันทวย
ยางแดง 0,น.,ชนชาติกะเหรี่ยงที่นิยมใช้สีแดง
ยางแดง 1,น.,นกยางที่มีตัวสีน้ำตาล
ยางแป 0,น.,ชนชาติกะเหรี่ยงพวกหนึ่งนิยมอาศัยอยู่ตามภูเขา สมัยก่อนถือว่าเป็นพวกไม่สะอาด
ยางเพียง 0,น.,ชนชาติกะเหรี่ยงที่ชอบอาศัยอยู่ตามพื้นราบ
ย่างย้าย 0,ก.,เดิน ก้าวเดิน
ยางรัก 0,น.,ยางจากต้นไม้รัก
ยางรัก 1,น.,เรียกกว่างตัวโตสีดำว่า กว่างรัก
ยาจก 0,น.,คนขอทาน
ยาด 0,ก.,ข่วน คว้า ดึง ทึ้ง แย่ง ชิง ขุดด้วยของแหลม
ยาดยอยิง 0,ก.,ยกธนูขึ้น ดึงสายในท่าเตรียมยิง
ยาตรา 0,ก.,เดิน เดินเป็นกระบวน
ยาติกา 0,น.,ญาติพี่น้อง
ยาน 0,น.,พาหนะ ดู ยานะ
ยาน 1,ว.,ยาน - อาการที่หย่อนลงห้อยลงกว่าระดับที่ควรมีควรเป็นปกติ
ย่าน 0,ว.,ยาว ไกล ระยะห่าง
ยานท้องค้อง 0,ว.,ลักษณะของสิ่งที่เล็กที่หย่อนยานลง เช่น นมของสตรี
ยานะ 0,น.,พาหนะ เครื่องนำไปอย่างรถหรือเกวียน
ย่านาย 0,น.,ยายทวด ย่า และ / หรือยาย
ยาบ 0,น.,ปอ เส้นปอ คำนำหน้าชื่อพรรณไม้ที่มีเส้นใยใช้ทำปอได้
ยาบๆ 0,ว.,อาการขึ้นลงเนิบๆ มากมาย สับสน อย่างอาการบินของนกที่บินมาเป็นฝูง
ย่าผ้าขาว 0,น.,แม่ชี ชีปะขาวหญิง
ยาม 0,น.,ยาม - คราว ครั้ง เวลา
ยาม 1,น.,พังผืด - เมือกเหนียวที่ยึดกล้ามเนื้อให้ติดกัน
ยาม 2,น.,คนเฝ้าสถานที่หรือระวังเหตุการณ์ตามกำหนดเวลา
ยามกลองงาย 0,น.,เวลา ๐๗.๓๐ - ๐๙.๐๐ น. (ปวงคำ)
ยามกลองเติก็ 0,น.,เวลา ๑๙.๓๐ - ๒๑.๐๐ น.
ยามกล่องรุ่ง 0,น.,เวลา ๐๑.๓๐ - ๐๓.๐๐ น.
ยามกลองแลง 0,น.,เวลา ๑๖.๐๐- ๑๗.๐๐ น. ดู แลง
ยามกลางวัสสา 0,น.,กลางพรรษา
ยามควายเข้าแหล่ง 0,น.,บ่ายคล้อย ยามเย็น
ยามฅ่ำ 0,น.,เวลา ๑๖.๓๐- ๑๘.๐๐ น.
ยามเดิก็ 0,น.,เวลา ๒๒.๓๐- ๒๔.๐๐ น.
ยามตูดช้าย 0,น.,เวลา ๑๒.๐๐ - ๑๓.๓๐ น.
ยามตูดเช้า 0,น.,เวลา ๐๖.๐๐- ๐๗.๓๐ น.
ยามตูดเดิก็ 0,น.,เวลา ๑๘.๐๐- ๑๙.๓๐ น.
ยามตูดรุ่ง 0,น.,เวลา ๐๐.๐๐- ๐๑.๓๐ น.
ยามแตรเดิก็ 0,น.,เวลา ๒๑.๐๐ - ๒๒.๓๐ น.
ยามแตรเที่ยง 0,น.,เวลา ๐๙.๐๐- ๑๐.๓๐ น.
ยามแตรสู่ฅ่ำ 0,น.,เวลา ๑๕.๐๐- ๑๖.๓๐ น.
ยามแตรสู่เที่ยง 0,น.,เวลา ๐๙.๐๐- ๑๐.๓๐ น.
ยามแตรสู่รุ่ง 0,น.,เวลา ๐๓.๐๐ - ๐๔.๓๐ น.
ยามทอน 0,น.,เวลากลางวัน เวลาอาหากลางวัน
ยามเที่ยง 0,น.,เวลา ๑๐.๓๐ - ๑๒.๐๐ น.
ยามพาดฅ่ำ 0,น.,ยามใกล้ค่ำ เวลา ๑๖.๓๐ - ๑๗.๓๐ น.
ยามพาดลัน 0,น.,ยามใกล้ค่ำ เวลา ๑๖.๓๐ - ๑๗.๓๐ น.
ยามไพ 0,น.,ขาไป การเดินทางเที่ยวไป
ยามรุ่ง 0,น.,เวลาใกล้รุ่ง
ยามแลง 0,น.,เวลาเย็น เวลาอาหารมื้อเย็น
ยามหน้อย 0,น.,ในขณะที่ยังเป็นเด็ก
ยามออน 0,น.,ครั้งก่อน
ยามออนก่อนเนิ้น 0,น.,ครั้ั้งกระโน้น
ย้าย 0,ก.,ย้าย - เปลี่ยนที่
ย้ายเบา 0,ก.,ถ่ายปัสสาวะ (เป็นคำสุภาพ) ทั่วไปว่า เยี่ยว
ย้ายหนัก 0,ก.,ถ่ายอุจจาระ (เป็นคำสุภาพ) ทั่วไปว่า ขี้
ย่ายๆ 0,ว.,กระจัดกระจาย แตกออกจากกัน อาการอย่างมดหรือปลวกแตกรัง
ยาว 0,ว.,ยาว นาน
ย้าว 0,ว.,หมาด จวนจะแห้ง ใช้กับสิ่งที่ต้องการให้แห้ง ถ้าสิ่งที่ไม่ต้องการให้แห้งแต่จวนจะแห้ว อย่างนาที่ขาดน้ำหรือใบหน้าที่ขาดความอิ่มเอิบ ใช้ จ้าว
ยาวชีวัง 0,ว.,ตลอดชีวิต
ย่าวๆ 0,ว.,ลักษณะเป็นผงหยาบๆ เช่น ฝุ่นหรือทราย
ยำ 0,น.,ก. วิธีปรุงอาหารชนิดหนึ่ง
ยำ 1,ก.,ยำ - เคล้าคละ ปะปน
ย่ำ 0,ก.,ย่ำ - เหยียบหนักๆ เหยียบซ้ำๆ เหยียบ - อาการที่ให้เด็กเหยียบไปตามร่างกายเพื่อให้หายเมื่อยขบ
ย่ำ 1,ก.,อาการที่เจ้าเข้าทรง เรียกว่า ย่ำ หรือ ลงย่ำ
ย่ำ 2,น.,เรียกคนที่เข้าทรงว่า ที่ย่ำ ที่นั่ง หรือ ม้าขี่
ย้ำ 0,ก.,ย้ำ - กัดด้วยฟันเบาๆ ถี่ๆ อย่างอาการที่สุนัขใช้ปากแทะไปตามร่างกาย นับว่าแทะตัวเรื้อน กัด เคี้ยว กิน
ยำหนัง 0,น.,หนังวัวหรือหนังควายที่ต้มเปื่อย แล้วขูดเป็นชิ้น ๆ คลุกกับเครื่องปรุง เป็นอาหารแบบไทใหญ่ บางครั้งอาจหั่นแทนการขูดก็ได้
ยิง 0,น.,ผู้หญิง ทั้งนี้ในศิลาจารึกวัดเชียงมั่น (หมั้น) เชียงใหม่ ที่เป็นอักษรฝักขามยังใช้ทั้ง ยิง และ หญิง
ยิง 1,น.,สตรีที่มาเป็นญาติด้วยการแต่งงาน ไพ้ ก็ว่า. เช่น ลูกยิง - ลูกไพ้ น้องยิง - น้องไพ้ คู่กับเรียกชายที่มาเป็นญาติดังกล่าวที่เรียกว่า ชาย หรือ เขย
ยิง 2,ก.,ยิง แล่น - เชื่อมถึงกัน ตรึงไว้ มักใช้ในการค้ำยันของไม้เครื่องเรือนหรือสิ่งอื่นที่คล้ายคลึงกัน ยกขึ้นหรือดีดขึ้นด้วยคานงัด
ยิ่ง 0,ว.,เป็นยอด ที่สุด ดียิ่ง ใช้หลังคำพูด เช่น งามยิ่งล้ำเจ้าแว่นเงาใส ถ้าอยู่ข้างหน้าใช้ในเชิงเปรียบเทียบแปลว่า เกิน ล้ำ เพิ่มขึ้น เช่น ยิ่งเมินยิ่งทุกข์ - ยิ่งนานยิ่งลำบาก
ยิ้ง 0,ก.,ขับ ขับเพลง
ยิ้งซอขับช้อย 0,ก.,ขับเพลง (ซอ - เพลง ขับเพลง ช้อย - ขับคร่าวเป็นทำนองเสนาะ)
ยิงดาย 0,น.,สตรีที่ยังไม่มีผัว
ยิ่งล้ำ 0,ว.,มากยิ่ง
ยิน 0,ก.,รู้สึก ได้ยิน
ยิน 1,ก.,ยิน - รับรู้ รู้สึก ชอบ เช่น บ่ยินร้อน - ไม่เดือดร้อน ดู ได้ยิน ฟัง
ยิ้น 0,ก.,ขับ ขับเพลง
ยินเคริงใจ 0,ก.,รู้สึกข้องใจ
ยินชื่นสู้ 0,ก.,รู้สึกชื่นใจ พอใจ
ยินดี 0,น.,คำกล่าวแสดงความขอบใจ
ยินดี 1,ก.,พอใจ ชอบใจ รู้สึกดีใจ คำกล่าวเพื่อแสดงความขอบคุณ เช่น ยินดีเน่ออ้าย - ขอบคุณนะพี่
ยินดียินบาน 0,ก.,พอใจ ชอบใจ รู้สึกดีใจ คำกล่าวเพื่อแสดงความขอบคุณ เช่น ยินดีเน่ออ้าย - ขอบคุณนะพี่
ยินดีสีขา 0,ก.,ปลื้มปีติ
ยินเพิงใข 0,ก.,รู้สึกพึงพอใจ
ยินสู้ 0,ก.,รู้สึกชื่นใจ พอใจ
ยิบ 0,น.,จำนวนสอง
ยิบๆ 0,ว.,การเคลื่อนไหวที่ละเอียดยากแก่การมองเห็น อย่างเปลวแดดเต้นยิบๆ
ยิ่ม 0,ก.,เอานิ้วมือบีบเป็นทำนองแหนบ หยิก จิก เอานิ้วมือคีบไปเล็กน้อย
ยิ้ม 0,ก.,ยิ้ม ไหลซึม มักใช้กับเลือด
ยิ้มยว้าย 0,ก.,ยิ้ม ยิ้มแย้ม
ยิ้มยว้าย 1,ก.,ยิ้มแย้ม ดู เพิ่มเติมที่ ยว้าย
ยิ้มหน้อยยิ้มใหญ่ 0,ก.,กระหยิ่มยิ้มย่อง
ยิ้มหมะยิๆ 0,ก.,ยิ้มกะลิ้มกะเหลี่ย
ยิ่ว 0,ก.,นิ่ว - ทำหน้าย่นขมวดคิ้วแสดงความโกรธหรือเจ็บปวด มักใช้กับคำอื่นเป็น ยิ่วหน้า หิ่วหน้า ก็ว่า.
ยี 0,น.,ปีขาล - ชื่อปีลำดับที่ ๓ ของรอบนักษัตร
ยี 1,ก.,ยี - ขยี้ ขยำ
ยี 2,ว.,หยิก งอ เช่น อี่สมหัวยี - อีสมผมหยิกฟู
ยี่ 0,น.,จำนวนสอง
ยี่ 1,น.,คำเรียกลูกชายคนที่สอง คู่กับ อี่ คือลูกสาวคนที่สอง
ยี่ 2,ก.,แยก ทำให้ห่างออกเล็กน้อย มักใช้กับปากและฟัน
ยี่ 3,ว.,จำนวนสอง เช่น เดือนยี่ - เดือนที่สองแบบล้านนาตรงกับเดือนสิบสองของไทยภาคกลาง
ยีก 0,ก.,แยกออก การแยกออกจากการรวมกัน หรือแตกออกจากกันเพียงเล็กน้อย ดู เพิ่มเติมที่ แยก
ยี่เขี้ยว 0,ก.,แยกเขี้ยว ยิงฟัน
ยี่เค 0,น.,ลิเก - การแสดงชนิดหนึ่ง ว่ากันว่ามาจากมลายู
ยีบ 0,ล.,บอกอาการหลับเช่นนั้น
ยีบ 1,ก.,งีบ - หลับไปชั่วขณะหนึ่ง
ยีบ 2,ลัก.,บอกอาการหลับ เช่นนั้น
ยึ่ง 0,ก.,ทรง เท้อ อยู่คงที่ ไม่ลดลงเอ่อขึ้น เช่น น้ำยึ่ง - น้ำทรง
ยึ่งน้ำ 0,ก.,แปลว่า ใช้กิ่งไม้ใบไม้ขวางทางน้ำไหลให้ระดับน้ำสูงขึ้นเพื่อทดให้เข้าสู่แปลงนา
ยืด 0,ว.,ยืน นาน ยาวนาน
ยืน 0,ก.,อยู่นาน คง ทน
ยื่น 0,ก.,ยื่น ส่ง มอบ
ยืนโยค 0,ว.,ยั่งยืนอย่างยิ่ง
ยือ 0,ก.,มอบให้
ยื้อ 0,ก.,ยื้อ - แย่งด้วยอาการ เช่น ฉุด ยุด ดึง
ยุ 0,ก.,ยุ
ยุกยู่ 0,ก.,เขย่า สั่น ทำให้สะเทือน
ยุง 0,น.,ยุง
ยุง 1,น.,หญ้ายุง
ยุงกวาง 0,น.,ยุงชนิดหนึ่งตัวโตไม่กัดทำร้ายคน
ยุงกันชี้ 0,น.,ยุงก้นปล่อง
ยุด 0,ก.,ฉุด - ดึงไว้
ยุทธิยา 0,น.,อยุธยา - คำที่ปรากฏในตำนานเรียกคนไทภาคกลาง อาจแผลงเป็น ยุทธิเยศ ก็มี (นิราศหริภุญชัย)
ยุท่าง 0,ว.,คล่อง สะดวก ไม่ขัดข้อง (ในศิลาจารึกหลักที่ ๑ ใช้ ลู่ทาง)
ยุท่าง 1,ว.,สะดวก ไม่ติดขัด
ยุน 0,น.,ฟ่อนฟาง - ฟางข้าวประมาณสิบกำมัดรวมกัน
ยุ่นๆ 0,ว.,อาการไหวกระเพื่อมเล็กน้อยที่ส่วนบน เช่น ยอดไม้หรือยอดไม้กระเพื่อมเพราะคนปีนป่าย
ยุบ 0,ก.,ยุบ - ยอบลง ทรุดลง ลดลง เลิก
ยุบๆ 0,ว.,ยุบๆ - กระเทือน กระเพื่อม มากมาย การเคลื่อนไหวต่อเนื่องและสับสน
ยุ่ม 0,ก.,ขยุ่ม ดูเพิ่มเติม ยว่าม
ยุ่ม 1,ล.,หย่อม กระจุก ลักษณะนามเรียกของที่เป็นกระจุก
ยุ้ม 0,ก.,ขมิบ บีบเข้า เม้มเข้า
ยุ้มยว้าย 0,ก.,ยิ้มแย้ม อิ่มเอม ปีติ มักใช้ ยิ้มยว้าย มากกว่า
ยุ้มไส้ยุ้มปุม 0,สำนวน.,หวาดเสียว เกร็.
ยุย 0,ว.,ปุกปุย มีขนหรือใยฟูรุงรัง เช่น หมายุย - หมาขนปุย
ยุ่ย 0,ก.,แตกออกเป็นชิ้นๆ ย่อย
ยุ้ย 0,ว.,ยุ้ย เช่น ไคร่หัวยุ้ยๆ - หัวเราะจนแก้มยุ้ย
ยู 0,น.,ไม้กวาดชนิดขนอ่อน
ยู 1,น.,ไม้กวาดขนอ่อนโดยเฉพาะที่ทำจากก้านของ ตองก๋ง
ยู้ 0,ก.,ผลัก ดัน เข็น
ยูท่าง 0,ว.,คล่อง สะดวก ไม่ขัดข้อง (ในศิลาจารึกหลักที่ ๑ ใช้ ลู่ทาง)
ยูท่าง 1,ว.,สะดวก ไม่ติดขัด
ยู้ย้นกัน 0,ว.,แออัด เบียดเสียด เยียดยัดกัน
ยูยี 0,ก.,ขยี้
ยู้ใส่กัน 0,ก.,ผลักให้เข้าหากันอย่างเช่นแต่งงานแบบคลุมถุงชน
เย่ 0,ว.,อาการหน้าเบ้ เก้อเขิน แสดงสีหน้ายอมแพ้หรือเขินอายเกือบจะร้องไห้
เย่แกะแหยะ 0,ว.,หน้าเจื่อนมาก
เยน 0,น.,ผีสมิง เสือสมิง
เยน 1,น.,อมนุษย์ประเภทรากษส สัตว์ที่เกิดจากคนที่มีอาคม เสือสมิง
เยนยน 0,น.,อมนุษย์ประเภทรากษส สัตว์ที่เกิดจากคนที่มีอาคม เสือสมิง
เยอ 0,ก.,จบ ยก มักใช้กับการยกพานหรือเครื่องบูชาเพื่อเป็นการถวาย
เย้า 0,น.,เย้า - ลาหู่ ชาวเขาเผ่าหนึ่งอยู่ทางตอนเหนือของประเทศไทย
เยาะแมะ 0,ก.,ทรุดลง ยุบลงอย่างหมดเรี่ยวแรง
เยิง 0,น.,เลียงผา ทั่วไปมักใช้ เยือง
เยิง 1,ก.,ยก ชู เอาขึ้นให้สูงกว่าที่เดิม
เยิง 2,ว.,ป่าเถื่อน
เยิง 3,ว.,ป่าเถื่อน เช่น ฅนป่าฅนเยือง - คนป่าคนเถื่อน
เยิ่ง 0,น.,เรื่อง ประเภท ชนิด
เยิ่ง 1,น.,เรื่อง เหตุ เหตุเค้า ประเภท ชนิด
เยิ้ง 0,ก.,คร่า ฉุด ดึง ชัก ลาก ชะลอไว้
เยิ้งย้าง 0,ก.,ฉวย คว้า กระชาก
เยิ้น 0,ก.,อดทน เอื้อน ทอดเสียงยาว ดูเพิ่มเติมที่ เยื้อน
เยิบๆ 0,ว.,เยิ่น - ลักษณะสิ่งของที่แบนหรือยาว มีอาการขึ้นลงเป็นจังหวะเนิบๆ
เยีย 0,น.,ยุ้งข้าว ดูเพิ่มเติมที่ ยุ้ง
เยี่ยง 0,น.,เยี่ยงอย่าง แบบ เรื่อง ความแนว
เยียด 0,ก.,ยัด ยัดเยียด ดันเข้า มักใช้ร่วมกับคำอื่นแต่คงคงความหมายเดิม เช่น เยียดยัด เยียดยู้ เยียดยู้กัน
เยียว 0,สัน.,ผิว่า แม้นว่า
เยี่ยว 0,น.,น้ำปัสสาวะ
เยี่ยว 1,ก.,ถ่ายปัสสาวะ
เยี้ยว 0,น.,งูใหญ่
เยี้ยว 1,น.,เงี้ยว คือ ไทใหญ่
เยี่ยวขั้น 0,น.,ขัดเบา
เยี่ยวขั้น 1,ว.,ถ่ายปัสสาวะกระปริบกระปรอย
เยียวว่า 0,สัน.,ผิว่า แม้นว่า
เยี่ยวสด 0,ก.,ปัสสาวะไหลทะลักเพราะความกลัว
เยียะ 0,ก.,แตก เปิดเป็นช่อง กระทำ
เยียะ 1,ก.,ทำ สร้าง ประดิษฐ์
เยียะการ 0,ก.,ทำงาน
เยียะกิน 0,ก.,ปรุงอาหาร
เยียะคด 0,ก.,กระทำในสิ่งที่ไม่ซื่อ เป็นขบถ
เยียะจะได 0,ว.,อย่างไร
เยียะตอบ 0,ก.,แก้เผ็ด แก้แค้น
เยียะนา 0,ก.,ทำนา
เยียะพุ้นเยียะเพร้ 0,ก.,ทำนั่นบ้างนี่บ้างคือหยิบหย่ง ไม่เป็นชิ้นเป็นอัน
เยียะไร่ 0,ก.,ทำไร่
เยียะไร่ใส่นา 0,ก.,ทำไร่
เยียะว่าหากิน 0,ก.,ทำมาหากิน การเลี้ยงชีวิต
เยียะส้าย 0,ก.,แก้เผ็ด แก้แค้น
เยียะหย้อ 0,ก.,ประชด ทำการบางอย่างเพื่อกระทบกระแทก
เยียะหย้อเยียะหา 0,ก.,ประชด ทำการบางอย่างเพื่อกระทบกระแทก
เยียะหลึ่ง 0,ก.,แกล้งทำเป็นไม่ได้ยิน
เยียะหัวไพ 0,ก.,ซังกะตาย ทำโดยฝืนใจ แค่นทำ
เยียะหี 0,ก.,ร่วมประเวณี
เยียะหื้อ 0,ก.,กระทำร้าย
เยียะหื้อเพิ่นได้เล่า 0,ว.,อัปยศ ทำให้เป็นที่ถูกนินทา
เยียะหูหลึ่ง 0,ก.,แกล้งทำเป็นไม่ได้ยิน
เยือก 0,ก.,ไหวยวบ สั่นไหว
เยือก 1,ว.,วูบวาบ เปลี่ยนแปลง
เยือกถอกเยือกถอน 0,ก.,ตัดสินใจไม่ตก คิดแล้วคิดอีก
เยือกย้าว 0,ก.,ดีใจ
เยือกร้อนเยือกหนาว 0,ว.,ครั่นเนื้อครั่นตัว หนาวๆ ร้อนๆ
เยือง 0,ว.,ป่าเถื่อน
เยือง 1,น.,เลียงผา
เยือง 2,ว.,ป่าเถื่อน เช่น ฅนป่าฅนเยือง - คนป่าคนเถื่อน
เยื่อง 0,น.,เรื่อง ประเภท ชนิด
เยื่อง 1,น.,เรื่อง เหตุ เหตุเค้า ประเภท ชนิด
เยื้อน 0,ก.,อดทน รอคอย ผ่อนผัน
เยื้อน 1,ก.,เอื้อน - กล่าวออกมาโดยมีอาการแช่มช้า งดงาม
เยื้อน 2,ว.,อดทน ยาวนาน เช่น ไก่ขันเยื้อน - ไก่ขันทอดเสียงได้ยาว
เยๆ 0,*น.,คำล้อเลียน ใช้กับเด็ก หรือคนคุ้นเคยเพื่อให้อาย เช่น เยๆ หน้าบ่อาย ก็ว่า.
แย้ 0,น.,แย้
แยก 0,น.,ทางแยก
แยก 1,ก.,แยก
แยง 0,น.,เรียกกระดาษว่าวว่า กระดาษแยง หัวแยง
แยง 1,ก.,พิจารณาดูอย่างพินิจพิเคราะห์ ยกของที่โปร่งส่องดูกับแสงตะวัน หรือจุดกำเนิดแสงสว่าง
แย่ง 0,ก.,แบ่งจากส่วนใหญ่ออกไปเพียงเล็กน้อย แย่งชิง
แยงคิง 0,ก.,ส่องกระจก สำนวน เล่นไพ่
แยงเงา 0,ก.,ส่องกระจก สำนวน เล่นไพ่
แยงแว่น 0,ก.,ส่องกระจก สำนวน เล่นไพ่
แยน 0,ว.,ไหล - ส่วนของพืชบางอย่าง ซึ่งเลื้อยหรือชอยไปแตกเป็นหน่อ เช่น บอน พลู หรือ บัว
แยน 1,น.,ส่วนที่ต่อจากเถาพืชไปสู่หัวที่อยู่ในดิน สายชนวน [อีสานเรียก - แนน]
แยน 2,น.,ส่วนที่ต่อออกจากเถาพืชไปสู่หัวที่อยู่ใต้ดิน สายชนวน
แย็บ 0,น.,ไข่ขนาดเล็กของมด ขนาดใหญ่เรียกว่า เต้ง
แย้ม 0,ก.,เปิดออกเล็กน้อย เช่น แง้มประตู
แย้ม 1,ก.,แย้ม - เผยอ คลี่ บานแต่น้อย ยิ้มแต่น้อย
แยมๆ 0,*ว.,คำกล่าวประกอบกับการนำอาหารไปกินยั่วให้เด็กอยากแย่ง
โย 0,น.,จันทัน - ชื่อไม้เครื่องบนเรือนอยู่ตรงขื่อ
โยง 0,ก.,ทำให้สูงขึ้น ยกขึ้นอย่างยกของขึ้นจบก่อนทำบุญ
โยง 1,ก.,จบ ยก มักใช้กับการยกพานหรือเครื่องบูชาเพื่อเป็นการถวาย
โยง 2,ก.,ยกขึ้น อย่างการยกของขึ้นจบก่อนทำบุญ ทำให้สูงขึ้น ทำให้โปร่งอย่างใช้ไม้เขี่ยฟางให้เมล็ดข้าวร่วงลง ตัวอย่าง ลงฟาง
โย่ง 0,ก.,ยก ยกขึ้น ลอยขึ้น เช่น โย่งขันโตก - ยกสำรับอาหาร
โย่ง 1,ว.,"มักใช้ประกอบท้ายคำ ""ใจดี"" เป็น ใจดีโย่ง - โล่งใจจริงๆ"
โย้ง 0,น.,เรียกชื่อกางเกงเป้ายานแบบจีน เตี่ยวย้ง เตี่ยวสะดอ
โยงขัน 0,ก.,ไหว้ครู
โย่งฅว่าง 0,ก.,งัดทิ้ง โยนทิ้ง
โย่งฅว่าง 1,ว.,"มักใช้ประกอบคำ ""หายใจ"" เป็น หายใจโย่งฅว่าง - หายใจหอบ"
โย่งซัด 0,ว.,"มักใช้ประกอบคำ ""หายใจ"" เป็น หายใจโย่งฅว่าง - หายใจหอบ"
โยงๆ 0,ว.,เปล่งปลั่ง สุกใส ใช้กับสิ่งใหญ่ เช่น เดือนแจ้งใสโยงๆ (พระจันทร์แจ่มกระจ่าง)
โย่งๆ 0,ว.,อาการที่ของสิ่งใหญ่ลอยขึ้นเรื่อยๆ
โยชนะ 0,น.,โยชน์ - ชื่อมาตราวัดเท่ากับ ๔๐๐ เส้น
โยชนา 0,น.,ชื่อคัมภีร์บาลีประเภทหนึ่ง ซึ่งบอกสัมพันธ์ศัพท์บาลีว่าศัพท์ไหนเข้ากับศัพท์ไหนในต้นฉบับนั้นๆ เช่น โยชนาฎีกาสังคหะ
โยด 0,ว.,ยวด - เป็นที่สุด มักใช้ประกอบกับคำอื่นเป็น ยึ่งโยด
โยต่างกลอน 0,น.,จันทันพราง - ตัวไม้เครื่องบนเรือนที่ไม่อยู่ตรงกับขื่อดังปรกติ
โยน 0,ก.,กระโดดโลดเต้น คึกคะนอง
โยน 1,น.,ชื่อของชาวไทล้านนา
โยนก 0,น.,ชื่อของคนเผ่าไทยวน
โยนกนคร 0,น.,หมายถึงเมืองเชียงแสน
โยยา 0,ว.,ชั่วช้า ไพร่
โยยาสามานย์ 0,น.,คนชั่วช้า คนเลว ไพร่
โยะๆ 0,ว.,อาการขย่มยวบๆ อย่างหาบของหนัก ยักแย่ยักยัน
ไย 0,น.,ใย - สิ่งที่เป็นเส้นเล็กๆ บางๆ เช่น ใยบัว ลวดขนาดเล็กอย่างที่ใช้ขนเป็นลานจักรของนาฬิกาข้อมือ คลื่นความกังวานของเสียง
ไย 1,ว.,กังวาน ใช้กับเสียงอย่างเสียงกระดิ่ง
ไย 2,*น.,ไฉน อะไร ทำไม
ไย่ 0,ว.,อาการที่ี่แตกกระจัดกระจาย (ศิลาจารึกหลักที่หนึ่งใช้ หนียะย่ายผ้ายจะแจ)
